Grid:40k 5874.685078302005
lobster:40k 1662
MUTAG:10K*2 792.8571890239982
PTC: 10K*3 1395.4323415279941

dd = 4K*10 10382.687934988004

